0.633183675
0.547712569
0.594174308
0.657781593
0.559034346
0.562338844
0.521413696
0.601926327
0.558065406
0.552353064
0.71214184
0.63206201
0.558234489
0.647917054
0.580533395
0.56190808
0.530630238
0.57905239
0.530760368
0.561792518
0.55922127
0.636052408
0.558981319
0.62611126
0.615305683
0.527447722
0.556018506
0.602040716
0.590511644
0.586173511
0.608173636
0.589341088
0.558017625
0.568495777
0.552370472
0.628720473
0.525783868
0.596529743
0.573720192
0.648108545
0.650301502
0.539114888
0.637288215
0.596528632
0.571138449
0.649540659
0.716440526
0.554595776
0.558636115
0.584458913
0.55832542
0.57803641
0.538974634
0.59052899
0.565602536
0.641377137
0.707478196
0.539757145
0.542764466
0.560106009
0.595399621
0.657517813
0.569775228
0.549630573
0.542647114
0.657751653
0.565693344
0.596958408
0.584759794
0.575582143
0.538900123
0.539837519
0.634841973
0.635056059
0.621995547
0.562443294
0.577410451
0.585859112
0.646234433
0.563981524
0.634195766
0.598357371
0.57690672
0.583773692
0.646229186
0.575898456
0.584245137
0.596891861
0.559266643
0.57892405
0.592279207
0.581597835
0.542861878
0.539862088
0.530483748
0.593839044
0.551653335
0.590496705
0.544215778
0.562182724
0.573671918
0.533443968
0.556559091
0.560614801
0.540880414
0.650914004
0.615255681
0.623342902
0.576901967
0.571217774
0.644442794
0.548977698
0.570233957
0.632695068
0.543447897
0.546036245
0.618397392
0.528641304
0.578736694
0.543255665
0.574170093
0.596598018
0.59522671
0.56646178
0.569953263
0.557955585
0.569400332
0.630664775
0.609400245
0.576665349
0.561299899
0.630109313
0.55744278
0.571230738
0.550002198
0.565047013
0.595972923
0.564028255
0.597342379
0.635593556
0.557119182
0.561014205
0.57243858
0.617216464
0.637509893
0.600151541
0.559621909
0.578822563
0.541635269
0.627731285
0.550502409
0.52883971
0.551269487
0.538197432
0.691567717
0.613056674
0.558350853
0.583962282
0.623152584
0.64912113
0.558531295
0.600878555
0.55064396
0.590627391
0.645578102
0.559511532
0.528790386
0.566580428
0.546406203
0.5569922
0.634816725
0.563200618
0.529834146
0.578557549
0.619978587
0.579252895
0.558844521
0.546914687
0.632219673
0.577755654
0.554842209
0.570212906
0.599735778
0.566549933
0.558921501
0.576570035
0.570470883
0.715225832
0.631206841
0.663876486
0.591882643
0.629130434
0.599792695
0.570247229
0.579647978
0.589853214
0.637432482
0.640658395
0.519858305
0.588301155
0.560454793
0.618935013
0.53934274
0.57048113
0.55461979
0.578422233
0.652003815
0.570053453
0.547069757
0.577846215
0.52841407
0.575098475
0.561474044
0.618931062
0.572190851
0.565270235
0.577690589
0.650114146
0.552098668
0.571435996
0.554221003
0.549589583
0.597499424
0.57249988
0.564578346
0.549756938
0.638455376
0.546502628
0.636002158
0.521609386
0.583656957
0.634479052
0.608693972
0.554702757
0.521180597
0.566070277


0.580323446
0.626269108
0.536354556
0.5727373
0.561921538
0.602227516
0.565187514
0.6329607
0.690854839
0.571378832
0.576864928
0.565208997
0.691692106
0.72147098
0.670199231
0.67573539
0.687237548
0.770098699
0.788272076
0.72504364
0.697315863
0.599013579
0.682910465
0.808860953
0.630802683
0.674364021
0.787935021
0.764932991
0.669947489
0.634729066
0.662312884
0.683156404
0.684558207
0.774602026
0.639310483
0.681241055
0.636195934
0.613938018
0.687428484
0.781156079
0.676910021
0.693623321
0.634486275
0.632612533
0.766702962
0.713499258
0.769148833
0.692170033
0.79657647
0.648004281
0.697539394
0.665652445
0.779227581
0.694087728
0.673167846
0.684493636
0.669421844
0.682636129
0.715940438
0.675180608
0.602093003
0.698877922
0.676040777
0.770027708
0.772331102
0.80299385
0.620738196
0.631080229
0.776007471
0.62904975
0.718998687
0.680724731
0.64597158
0.705417283
0.607782998
0.722399918
0.654289307
0.770655581
0.633693702
0.784297914
0.630979298
0.770344021
0.787128188
0.683524695
0.768511886
0.785623478
0.611918404
0.79694044
0.618745126
0.710928442
0.700866423
0.678650793
0.68855305
0.666258341
0.681186854
0.644646138
0.691617411
0.577107595
0.636994002
0.790166992
0.818271209
0.768997776
0.641180151
0.687847827
0.612661098
0.703199573
0.755422051
0.678709006
0.824307765
0.619139715
0.679195946
0.808003932
0.653584146
0.752346023
0.633570177
0.684865693
0.768314345
0.634658877
0.636977766
0.702484287
0.777603729
0.615196357
0.790766654
0.676006393
0.795367455
0.727202644
0.768181189
0.81594664
0.616022018
0.72225275
0.76963281
0.627347314
0.713224737
0.669620373
0.609998795
0.639535248
0.772953049
0.676522963
0.7643166
0.644665337
0.693000016
0.693614678
0.680380206
0.709870361
0.612292251
0.687100009
0.641919326
0.649778264
0.815027208
0.734248822
0.617891871
0.782820242
0.621666085
0.636334584
0.601627731
0.717303844
0.764461238
0.692526719
0.627439232
0.782744251
0.754253347
0.623489824
0.694570285
0.722201698
0.685139164
0.777951526
0.778307285
0.631220854
0.780794764
0.727323082
0.640220038
0.639688219
0.63985045
0.820485648
0.705008928
0.718918313
0.766579746
0.718712129
0.801832986
0.693121442
0.793883364
0.691165659
0.759448377
0.67062592
0.78988741
0.774891671
0.686046311
0.706778591
0.754176306
0.781549619
0.682547976
0.681970538
0.691874524
0.71339808
0.767655729
0.69130474
0.612765239
0.776307858
0.682331915
0.768626892
0.695460703
0.782002174
0.688151424
0.76091716
0.789704746
0.795845135
0.672310331
0.646080227
0.693383061
0.773911495
0.737816605
0.681764416
0.606366564
0.634839195
0.690136653
0.608443589
0.672787702
0.634396332
0.792549033
0.673688306
0.687026117
0.80833395
0.713083372
0.751563574
0.721404865
0.668314192
0.669723897
0.767454607
0.638520565
0.718520699
0.622429273
0.646820637
0.611865932
0.79634973
0.682306914
0.768355705
0.617664575
0.621603921
0.696700213
0.696913558
0.690760822
0.686939198
0.77632471
0.697210117
0.607654966
0.780685067
0.685119472
0.708853948
0.640218001
0.611206884
0.768654857
0.624105968
0.677335167
0.67583484
0.679643562
0.607345629
0.76283183
0.800838735
0.775941418
0.689199998
0.641361148
0.790912032
